RS_number	rs73344830	rs9665626	rs10883765	rs11191392	rs3740397	rs11191419	rs11191424	rs7085104	rs12765002	rs3740393	rs10883795	rs11191454	rs7897654	rs12260436	rs55833108	rs1890184	rs7914558	rs10786736	rs10883832	rs11191580	rs11191582	rs77420391	rs1163085
rs73344830	1.0	0.101	0.061	0.043	0.085	0.086	0.066	0.07	0.048	0.014	0.052	0.043	0.052	0.029	0.061	0.048	0.067	0.048	0.037	0.045	0.017	0.002	0.018
rs9665626	0.101	1.0	0.842	0.734	0.508	0.576	0.523	0.521	0.538	0.51	0.576	0.701	0.577	0.525	0.596	0.546	0.563	0.62	0.674	0.697	0.685	0.631	0.375
rs10883765	0.061	0.842	1.0	0.872	0.557	0.613	0.564	0.551	0.575	0.564	0.629	0.783	0.63	0.569	0.634	0.593	0.613	0.692	0.75	0.779	0.77	0.707	0.487
rs11191392	0.043	0.734	0.872	1.0	0.675	0.595	0.586	0.586	0.66	0.687	0.541	0.885	0.539	0.458	0.38	0.477	0.493	0.78	0.88	0.882	0.875	0.872	0.299
rs3740397	0.085	0.508	0.557	0.675	1.0	0.909	0.868	0.863	0.794	0.572	0.576	0.981	0.575	0.505	0.544	0.859	0.855	0.878	0.968	0.975	0.972	0.923	0.643
rs11191419	0.086	0.576	0.613	0.595	0.909	1.0	0.982	0.994	0.997	0.827	0.729	0.989	0.728	0.726	0.91	0.872	0.951	0.886	0.985	0.984	0.982	0.974	0.748
rs11191424	0.066	0.523	0.564	0.586	0.868	0.982	1.0	0.997	0.999	0.857	0.702	0.991	0.701	0.701	0.908	0.87	0.951	0.889	0.987	0.987	0.984	0.985	0.812
rs7085104	0.07	0.521	0.551	0.586	0.863	0.994	0.997	1.0	0.999	0.831	0.688	0.991	0.687	0.687	0.902	0.867	0.948	0.89	0.987	0.987	0.984	0.977	0.81
rs12765002	0.048	0.538	0.575	0.66	0.794	0.997	0.999	0.999	1.0	0.851	0.963	0.987	0.957	0.49	0.883	0.942	0.942	0.9	0.976	0.975	0.971	0.963	0.802
rs3740393	0.014	0.51	0.564	0.687	0.572	0.827	0.857	0.831	0.851	1.0	0.994	0.99	0.993	0.982	1.0	0.987	0.99	0.909	0.98	0.979	0.975	0.975	0.876
rs10883795	0.052	0.576	0.629	0.541	0.576	0.729	0.702	0.688	0.963	0.994	1.0	1.0	1.0	0.608	1.0	0.987	0.987	0.903	0.988	0.988	0.983	0.982	0.774
rs11191454	0.043	0.701	0.783	0.885	0.981	0.989	0.991	0.991	0.987	0.99	1.0	1.0	1.0	0.998	1.0	0.993	0.998	0.994	0.992	0.99	0.987	0.947	0.891
rs7897654	0.052	0.577	0.63	0.539	0.575	0.728	0.701	0.687	0.957	0.993	1.0	1.0	1.0	0.612	1.0	0.993	0.993	0.903	0.988	0.988	0.983	0.982	0.783
rs12260436	0.029	0.525	0.569	0.458	0.505	0.726	0.701	0.687	0.49	0.982	0.608	0.998	0.612	1.0	0.993	0.906	0.994	0.902	0.998	0.998	0.996	0.996	0.802
rs55833108	0.061	0.596	0.634	0.38	0.544	0.91	0.908	0.902	0.883	1.0	1.0	1.0	1.0	0.993	1.0	1.0	0.995	0.985	1.0	1.0	1.0	1.0	0.89
rs1890184	0.048	0.546	0.593	0.477	0.859	0.872	0.87	0.867	0.942	0.987	0.987	0.993	0.993	0.906	1.0	1.0	0.997	0.89	0.993	0.993	0.988	0.989	0.793
rs7914558	0.067	0.563	0.613	0.493	0.855	0.951	0.951	0.948	0.942	0.99	0.987	0.998	0.993	0.994	0.995	0.997	1.0	0.889	0.998	0.998	0.995	0.995	0.8
rs10786736	0.048	0.62	0.692	0.78	0.878	0.886	0.889	0.89	0.9	0.909	0.903	0.994	0.903	0.902	0.985	0.89	0.889	1.0	0.994	0.994	0.99	0.947	0.9
rs10883832	0.037	0.674	0.75	0.88	0.968	0.985	0.987	0.987	0.976	0.98	0.988	0.992	0.988	0.998	1.0	0.993	0.998	0.994	1.0	1.0	0.997	0.955	0.894
rs11191580	0.045	0.697	0.779	0.882	0.975	0.984	0.987	0.987	0.975	0.979	0.988	0.99	0.988	0.998	1.0	0.993	0.998	0.994	1.0	1.0	0.997	0.955	0.891
rs11191582	0.017	0.685	0.77	0.875	0.972	0.982	0.984	0.984	0.971	0.975	0.983	0.987	0.983	0.996	1.0	0.988	0.995	0.99	0.997	0.997	1.0	0.997	0.907
rs77420391	0.002	0.631	0.707	0.872	0.923	0.974	0.985	0.977	0.963	0.975	0.982	0.947	0.982	0.996	1.0	0.989	0.995	0.947	0.955	0.955	0.997	1.0	0.905
rs1163085	0.018	0.375	0.487	0.299	0.643	0.748	0.812	0.81	0.802	0.876	0.774	0.891	0.783	0.802	0.89	0.793	0.8	0.9	0.894	0.891	0.907	0.905	1.0
